0.000000e+00 0.000000e+00
1.000000e+04 1.799696e-13
2.000000e+04 3.454603e-14
3.000000e+04 4.064238e-14
4.000000e+04 7.709352e-14
5.000000e+04 2.946573e-14
6.000000e+04 1.040572e-12
7.000000e+04 8.077674e-14
8.000000e+04 2.819565e-14
9.000000e+04 4.330954e-14
1.000000e+05 6.451979e-14
1.100000e+05 3.556209e-14
1.200000e+05 5.258109e-14
1.300000e+05 3.022777e-14
1.400000e+05 4.814853e-13
1.500000e+05 6.642490e-14
1.600000e+05 3.632413e-14
1.700000e+05 7.785557e-14
1.800000e+05 9.119135e-14
1.900000e+05 3.473654e-13
2.000000e+05 5.334313e-14
2.100000e+05 6.147161e-14
2.200000e+05 1.331038e-13
2.300000e+05 7.290228e-14
2.400000e+05 4.165844e-14
2.500000e+05 2.946573e-14
2.600000e+05 8.293587e-14
2.700000e+05 2.226441e-13
2.800000e+05 4.877086e-14
2.900000e+05 8.064973e-14
3.000000e+05 2.781463e-13
3.100000e+05 6.439278e-14
3.200000e+05 7.861761e-14
3.300000e+05 3.480004e-14
3.400000e+05 7.683951e-14
3.500000e+05 8.031951e-13
3.600000e+05 1.130366e-14
3.700000e+05 4.826283e-14
3.800000e+05 1.867010e-14
3.900000e+05 1.460586e-14
4.000000e+05 6.337672e-14
4.100000e+05 5.842343e-15
4.200000e+05 3.429201e-14
4.300000e+05 6.164942e-13
4.400000e+05 1.663798e-14
4.500000e+05 2.298835e-14
4.600000e+05 4.153144e-14
4.700000e+05 9.017529e-15
4.800000e+05 1.835258e-13
4.900000e+05 1.143067e-14
5.000000e+05 4.445261e-15
5.100000e+05 2.228981e-13
5.200000e+05 4.343655e-14
5.300000e+05 3.048179e-15
5.400000e+05 1.295476e-14
5.500000e+05 4.343655e-14
5.600000e+05 1.234512e-13
5.700000e+05 1.066863e-14
5.800000e+05 2.146426e-14
5.900000e+05 4.861845e-13
6.000000e+05 5.334313e-15
6.100000e+05 3.098982e-14
6.200000e+05 4.635772e-14
6.300000e+05 2.159127e-15
6.400000e+05 5.495612e-13
6.500000e+05 3.048179e-14
6.600000e+05 1.562192e-14
6.700000e+05 7.404534e-14
6.800000e+05 9.398551e-15
6.900000e+05 1.104965e-14
7.000000e+05 1.473286e-14
7.100000e+05 2.362339e-14
7.200000e+05 6.892694e-13
7.300000e+05 5.969350e-15
7.400000e+05 2.692558e-14
7.500000e+05 7.861761e-14
7.600000e+05 2.527448e-14
7.700000e+05 4.965991e-14
7.800000e+05 3.225989e-14
7.900000e+05 8.636507e-15
8.000000e+05 3.045639e-13
8.100000e+05 3.581610e-14
8.200000e+05 2.298835e-14
8.300000e+05 1.282775e-14
8.400000e+05 9.525559e-15
8.500000e+05 2.997376e-14
8.600000e+05 2.286134e-15
8.700000e+05 6.985410e-15
8.800000e+05 6.462139e-13
8.900000e+05 3.708618e-14
9.000000e+05 2.527448e-14
9.100000e+05 2.286134e-14
9.200000e+05 2.540149e-15
9.300000e+05 2.260733e-13
9.400000e+05 2.565551e-14
9.500000e+05 3.683216e-15
9.600000e+05 6.998111e-14
9.700000e+05 3.048179e-14
9.800000e+05 8.890522e-15
9.900000e+05 2.705259e-14
1.000000e+06 2.184528e-14
1.010000e+06 7.193702e-13
1.020000e+06 1.206571e-14
1.030000e+06 1.282775e-14
1.040000e+06 2.324236e-14
1.050000e+06 1.193870e-14
1.060000e+06 3.213289e-14
1.070000e+06 5.029495e-14
1.080000e+06 7.366432e-15
1.090000e+06 3.330135e-13
1.100000e+06 3.098982e-14
1.110000e+06 1.447885e-14
1.120000e+06 2.298835e-14
1.130000e+06 1.041461e-14
1.140000e+06 8.522200e-14
1.150000e+06 3.683216e-15
1.160000e+06 4.076939e-14
1.170000e+06 9.270274e-13
1.180000e+06 3.137084e-14
1.190000e+06 8.445996e-14
1.200000e+06 4.965991e-14
1.210000e+06 5.334313e-14
1.220000e+06 1.891141e-13
1.230000e+06 2.502047e-14
1.240000e+06 3.822924e-14
1.250000e+06 3.095172e-13
1.260000e+06 3.746720e-14
1.270000e+06 6.540884e-14
1.280000e+06 6.426577e-14
1.290000e+06 4.356356e-14
1.300000e+06 7.349921e-13
1.310000e+06 3.162486e-14
1.320000e+06 1.816207e-14
1.330000e+06 1.192600e-13
1.340000e+06 3.454603e-14
1.350000e+06 4.572268e-14
1.360000e+06 5.943949e-14
1.370000e+06 1.625695e-14
1.380000e+06 3.601931e-13
1.390000e+06 3.391099e-14
1.400000e+06 1.016060e-14
1.410000e+06 1.384381e-13
1.420000e+06 2.806865e-14
1.430000e+06 5.893146e-14
1.440000e+06 6.375774e-14
1.450000e+06 2.146426e-14
1.460000e+06 9.260113e-13
1.470000e+06 8.153878e-14
1.480000e+06 4.038837e-14
1.490000e+06 8.509499e-14
1.500000e+06 8.103075e-14
1.510000e+06 1.008439e-13
1.520000e+06 1.013519e-13
1.530000e+06 8.687310e-14
1.540000e+06 4.949480e-13
1.550000e+06 1.104965e-13
1.560000e+06 5.080298e-14
1.570000e+06 9.119135e-14
1.580000e+06 9.296946e-14
1.590000e+06 4.978692e-13
1.600000e+06 1.030030e-13
1.610000e+06 9.855778e-14
1.620000e+06 1.522819e-13
1.630000e+06 1.238323e-13
1.640000e+06 7.061614e-14
1.650000e+06 5.474021e-14
1.660000e+06 9.754172e-14
1.670000e+06 2.773843e-13
1.680000e+06 7.518841e-14
1.690000e+06 8.560302e-14
1.700000e+06 2.324236e-13
1.710000e+06 9.449354e-14
1.720000e+06 1.007169e-13
1.730000e+06 4.838984e-14
1.740000e+06 1.078293e-13
1.750000e+06 8.264375e-13
1.760000e+06 8.445996e-14
1.770000e+06 1.127826e-13
1.780000e+06 8.128477e-14
1.790000e+06 1.046541e-13
1.800000e+06 1.459316e-13
1.810000e+06 7.214023e-14
1.820000e+06 1.163388e-13
1.830000e+06 7.295308e-13
1.840000e+06 7.061614e-14
1.850000e+06 1.358980e-13
1.860000e+06 1.107505e-13
1.870000e+06 9.309646e-14
1.880000e+06 3.342836e-13
1.890000e+06 6.045555e-14
1.900000e+06 8.471397e-14
1.910000e+06 2.517288e-13
1.920000e+06 5.537525e-14
1.930000e+06 1.139257e-13
1.940000e+06 8.560302e-14
1.950000e+06 6.705993e-14
1.960000e+06 2.646835e-13
1.970000e+06 6.185263e-14
1.980000e+06 7.391834e-14
1.990000e+06 4.384297e-13
2.000000e+06 6.756796e-14
2.010000e+06 1.134177e-13
2.020000e+06 1.234512e-13
2.030000e+06 6.109058e-14
2.040000e+06 6.751716e-13
2.050000e+06 8.230083e-14
2.060000e+06 7.658549e-14
2.070000e+06 1.395812e-13
2.080000e+06 7.556943e-14
2.090000e+06 8.725412e-14
2.100000e+06 9.614464e-14
2.110000e+06 3.581610e-14
2.120000e+06 8.531091e-13
2.130000e+06 6.642490e-14
2.140000e+06 3.200588e-14
2.150000e+06 1.384381e-13
2.160000e+06 6.934607e-14
2.170000e+06 1.649827e-13
2.180000e+06 9.589063e-14
2.190000e+06 6.578986e-14
2.200000e+06 3.286953e-13
2.210000e+06 9.893881e-14
2.220000e+06 5.105700e-14
2.230000e+06 8.852419e-14
2.240000e+06 8.382492e-14
2.250000e+06 1.566002e-13
2.260000e+06 9.766873e-14
2.270000e+06 6.299570e-14
2.280000e+06 5.856314e-13
2.290000e+06 9.741472e-14
2.300000e+06 6.528183e-14
2.310000e+06 7.518841e-14
2.320000e+06 1.027490e-13
2.330000e+06 3.796253e-13
2.340000e+06 8.674609e-14
2.350000e+06 7.861761e-14
2.360000e+06 1.160848e-13
2.370000e+06 9.817676e-14
2.380000e+06 7.061614e-14
2.390000e+06 4.902488e-14
2.400000e+06 9.017529e-14
2.410000e+06 8.887982e-13
2.420000e+06 5.245408e-14
2.430000e+06 6.324971e-14
2.440000e+06 5.613729e-14
2.450000e+06 6.350373e-14
2.460000e+06 8.649208e-14
2.470000e+06 2.260733e-14
2.480000e+06 6.629789e-14
2.490000e+06 3.773391e-13
2.500000e+06 2.336937e-14
2.510000e+06 6.121759e-14
2.520000e+06 2.794164e-14
2.530000e+06 4.711976e-14
2.540000e+06 1.240863e-13
2.550000e+06 1.358980e-14
2.560000e+06 2.971974e-14
2.570000e+06 7.640768e-13
2.580000e+06 3.822924e-14
2.590000e+06 9.398551e-14
2.600000e+06 5.359714e-14
2.610000e+06 4.750079e-14
2.620000e+06 2.284864e-13
2.630000e+06 3.149785e-14
2.640000e+06 5.855044e-14
2.650000e+06 2.532529e-13
2.660000e+06 4.369056e-14
2.670000e+06 8.941325e-14
2.680000e+06 7.963367e-14
2.690000e+06 4.051538e-14
2.700000e+06 8.781295e-13
2.710000e+06 3.695917e-14
2.720000e+06 5.347014e-14
2.730000e+06 1.345009e-13
2.740000e+06 5.080298e-14
2.750000e+06 8.915923e-14
2.760000e+06 7.125118e-14
2.770000e+06 4.102341e-14
2.780000e+06 4.372867e-13
2.790000e+06 6.096358e-14
2.800000e+06 4.953291e-14
2.810000e+06 1.496148e-13
2.820000e+06 5.651832e-14
2.830000e+06 1.224352e-13
2.840000e+06 8.674609e-14
2.850000e+06 3.721318e-14
2.860000e+06 8.264375e-13
2.870000e+06 9.398551e-14
2.880000e+06 4.788181e-14
2.890000e+06 1.045271e-13
2.900000e+06 7.734754e-14
2.910000e+06 1.160848e-13
2.920000e+06 9.004828e-14
2.930000e+06 3.441902e-14
2.940000e+06 4.305553e-13
2.950000e+06 7.264826e-14
2.960000e+06 4.115041e-14
2.970000e+06 7.201323e-14
2.980000e+06 7.036213e-14
2.990000e+06 5.876635e-13
3.000000e+06 7.468038e-14
3.010000e+06 2.895770e-14
3.020000e+06 1.003359e-13
3.030000e+06 6.909205e-14
3.040000e+06 3.429201e-14
3.050000e+06 2.590952e-14
3.060000e+06 4.826283e-14
3.070000e+06 2.533799e-13
3.080000e+06 1.320878e-14
3.090000e+06 1.270075e-14
3.100000e+06 1.082103e-13
3.110000e+06 3.518106e-14
3.120000e+06 4.750079e-14
3.130000e+06 9.525559e-15
3.140000e+06 2.311536e-14
3.150000e+06 6.678052e-13
3.160000e+06 1.054162e-14
3.170000e+06 2.019418e-14
3.180000e+06 2.514748e-14
3.190000e+06 1.435184e-14
3.200000e+06 1.638396e-14
3.210000e+06 4.661174e-14
3.220000e+06 9.271544e-15
3.230000e+06 5.846153e-13
3.240000e+06 3.683216e-14
3.250000e+06 1.625695e-14
3.260000e+06 2.019418e-14
3.270000e+06 1.816207e-14
3.280000e+06 3.012617e-13
3.290000e+06 6.261467e-14
3.300000e+06 1.917813e-14
3.310000e+06 9.741472e-14
3.320000e+06 3.695917e-14
3.330000e+06 2.159127e-15
3.340000e+06 3.619712e-14
3.350000e+06 4.496064e-14
3.360000e+06 1.910192e-13
3.370000e+06 6.070956e-14
3.380000e+06 2.679857e-14
3.390000e+06 2.329317e-13
3.400000e+06 5.512123e-14
3.410000e+06 8.382492e-15
3.420000e+06 1.663798e-14
3.430000e+06 4.267450e-14
3.440000e+06 5.907117e-13
3.450000e+06 3.480004e-14
3.460000e+06 4.203947e-14
3.470000e+06 2.082922e-14
3.480000e+06 3.568909e-14
3.490000e+06 8.255484e-15
3.500000e+06 7.112417e-15
3.510000e+06 2.349638e-14
3.520000e+06 8.354550e-13
3.530000e+06 1.066863e-14
3.540000e+06 3.949932e-14
3.550000e+06 3.797523e-14
3.560000e+06 2.235331e-14
3.570000e+06 1.280235e-13
3.580000e+06 1.168469e-14
3.590000e+06 3.035478e-14
3.600000e+06 2.353448e-13
3.610000e+06 3.441902e-14
3.620000e+06 2.590952e-14
3.630000e+06 2.692558e-14
3.640000e+06 1.447885e-14
3.650000e+06 9.843078e-14
3.660000e+06 2.794164e-14
3.670000e+06 2.311536e-14
3.680000e+06 4.343655e-13
3.690000e+06 2.273433e-14
3.700000e+06 6.350373e-15
3.710000e+06 4.445261e-15
3.720000e+06 5.461320e-15
3.730000e+06 3.402530e-13
3.740000e+06 6.604388e-15
3.750000e+06 3.886428e-14
3.760000e+06 1.460586e-14
3.770000e+06 1.930513e-14
3.780000e+06 2.133725e-14
3.790000e+06 1.536790e-14
3.800000e+06 1.092264e-14
3.810000e+06 9.181369e-13
3.820000e+06 3.048179e-15
3.830000e+06 1.879710e-14
3.840000e+06 1.651097e-14
3.850000e+06 4.267450e-14
3.860000e+06 6.629789e-14
3.870000e+06 5.588328e-15
3.880000e+06 2.400441e-14
3.890000e+06 3.067230e-13
3.900000e+06 6.223365e-15
3.910000e+06 1.879710e-14
3.920000e+06 1.409783e-14
3.930000e+06 8.509499e-15
3.940000e+06 1.023680e-13
3.950000e+06 2.794164e-14
3.960000e+06 2.603653e-14
3.970000e+06 5.637861e-13
3.980000e+06 2.286134e-15
3.990000e+06 4.292852e-14
4.000000e+06 8.890522e-16
4.010000e+06 8.001469e-15
4.020000e+06 2.184528e-13
4.030000e+06 2.552850e-14
4.040000e+06 2.159127e-14
4.050000e+06 1.555841e-13
4.060000e+06 1.066863e-14
4.070000e+06 3.467303e-14
4.080000e+06 2.006718e-14
4.090000e+06 1.803506e-14
4.100000e+06 9.398551e-13
4.110000e+06 6.350373e-16
4.120000e+06 2.654456e-14
4.130000e+06 7.963367e-14
4.140000e+06 1.524089e-15
4.150000e+06 6.274168e-14
4.160000e+06 1.854309e-14
4.170000e+06 3.810224e-15
4.180000e+06 4.076939e-13
4.190000e+06 1.790805e-14
4.200000e+06 9.017529e-15
4.210000e+06 8.458696e-14
4.220000e+06 1.397082e-14
4.230000e+06 1.224352e-13
4.240000e+06 5.296211e-14
4.250000e+06 3.810224e-15
4.260000e+06 6.877454e-13
4.270000e+06 3.492705e-14
4.280000e+06 5.334313e-15
4.290000e+06 6.096358e-14
4.300000e+06 2.108324e-14
4.310000e+06 8.814317e-14
4.320000e+06 4.902488e-14
4.330000e+06 1.651097e-14
4.340000e+06 3.420311e-13
4.350000e+06 3.010077e-14
4.360000e+06 3.302194e-15
4.370000e+06 3.391099e-14
4.380000e+06 2.629054e-14
4.390000e+06 6.747906e-13
4.400000e+06 4.775480e-14
4.410000e+06 3.810224e-16
4.420000e+06 7.810958e-14
4.430000e+06 4.661174e-14
4.440000e+06 9.017529e-15
4.450000e+06 2.209930e-14
4.460000e+06 2.552850e-14
4.470000e+06 3.116763e-13
4.480000e+06 3.543508e-14
4.490000e+06 1.511389e-14
4.500000e+06 8.992128e-14
4.510000e+06 6.629789e-14
4.520000e+06 6.490081e-14
4.530000e+06 2.476645e-14
4.540000e+06 3.225989e-14
4.550000e+06 6.139540e-13
4.560000e+06 5.461320e-15
4.570000e+06 8.001469e-15
4.580000e+06 2.552850e-14
4.590000e+06 1.117666e-14
4.600000e+06 1.460586e-14
4.610000e+06 4.610371e-14
4.620000e+06 3.556209e-15
4.630000e+06 5.180634e-13
4.640000e+06 2.832266e-14
4.650000e+06 6.604388e-15
4.660000e+06 3.886428e-14
4.670000e+06 1.282775e-14
4.680000e+06 3.872457e-13
4.690000e+06 5.004094e-14
4.700000e+06 4.445261e-15
4.710000e+06 7.556943e-14
4.720000e+06 1.841608e-14
4.730000e+06 2.044820e-14
4.740000e+06 3.607012e-14
4.750000e+06 1.054162e-14
4.760000e+06 2.195959e-13
4.770000e+06 4.076939e-14
4.780000e+06 7.620447e-16
4.790000e+06 1.878440e-13
4.800000e+06 3.200588e-14
4.810000e+06 5.943949e-14
4.820000e+06 9.398551e-15
4.830000e+06 5.588328e-15
4.840000e+06 5.858854e-13
4.850000e+06 2.057521e-14
4.860000e+06 1.994017e-14
4.870000e+06 2.400441e-14
4.880000e+06 3.734019e-14
4.890000e+06 4.826283e-15
4.900000e+06 1.828907e-14
4.910000e+06 2.933872e-14
4.920000e+06 8.561572e-13
4.930000e+06 2.133725e-14
4.940000e+06 1.740002e-14
4.950000e+06 4.838984e-14
4.960000e+06 1.028760e-14
4.970000e+06 2.117214e-13
4.980000e+06 9.906581e-15
4.990000e+06 4.292852e-14
5.000000e+06 1.887331e-13
5.010000e+06 1.651097e-15
5.020000e+06 1.562192e-14
5.030000e+06 3.378398e-14
5.040000e+06 7.112417e-15
5.050000e+06 1.446615e-13
5.060000e+06 1.384381e-14
5.070000e+06 2.311536e-14
5.080000e+06 3.495245e-13
5.090000e+06 2.895770e-14
5.100000e+06 3.683216e-15
5.110000e+06 3.924530e-14
5.120000e+06 2.171827e-14
5.130000e+06 4.165844e-13
5.140000e+06 4.762779e-14
5.150000e+06 8.763514e-15
5.160000e+06 4.254750e-14
5.170000e+06 6.464679e-14
5.180000e+06 1.905112e-15
5.190000e+06 3.073580e-14
5.200000e+06 1.612995e-14
5.210000e+06 9.876099e-13
5.220000e+06 2.692558e-14
5.230000e+06 5.842343e-15
5.240000e+06 8.890522e-16
5.250000e+06 2.400441e-14
5.260000e+06 6.883804e-14
5.270000e+06 1.092264e-14
5.280000e+06 2.451244e-14
5.290000e+06 2.505857e-13
5.300000e+06 1.638396e-14
5.310000e+06 1.803506e-14
5.320000e+06 5.588328e-15
5.330000e+06 2.400441e-14
5.340000e+06 1.077023e-13
5.350000e+06 3.657815e-14
5.360000e+06 9.652566e-15
5.370000e+06 4.418589e-13
5.380000e+06 2.527448e-14
5.390000e+06 5.715335e-15
5.400000e+06 5.283510e-14
5.410000e+06 1.054162e-14
5.420000e+06 2.301375e-13
5.430000e+06 3.441902e-14
5.440000e+06 2.794164e-15
5.450000e+06 8.395193e-14
5.460000e+06 1.778104e-14
5.470000e+06 5.016794e-14
5.480000e+06 1.092264e-14
5.490000e+06 2.286134e-14
5.500000e+06 1.034476e-12
5.510000e+06 9.779574e-15
5.520000e+06 5.639131e-14
5.530000e+06 8.598405e-14
5.540000e+06 1.714601e-14
5.550000e+06 8.941325e-14
5.560000e+06 2.451244e-14
5.570000e+06 1.651097e-14
5.580000e+06 4.137903e-13
5.590000e+06 1.168469e-14
5.600000e+06 2.895770e-14
5.610000e+06 6.426577e-14
5.620000e+06 9.652566e-15
5.630000e+06 1.106235e-13
5.640000e+06 7.112417e-15
5.650000e+06 2.832266e-14
5.660000e+06 5.674693e-13
5.670000e+06 7.874462e-15
5.680000e+06 6.731395e-15
5.690000e+06 2.502047e-14
5.700000e+06 1.409783e-14
5.710000e+06 1.083374e-13
5.720000e+06 3.010077e-14
5.730000e+06 2.336937e-14
5.740000e+06 2.707799e-13
5.750000e+06 1.816207e-14
5.760000e+06 2.070221e-14
5.770000e+06 1.917813e-14
5.780000e+06 3.162486e-14
5.790000e+06 7.578535e-13
5.800000e+06 1.193870e-14
5.810000e+06 4.470662e-14
5.820000e+06 2.883069e-14
5.830000e+06 7.112417e-15
5.840000e+06 5.118400e-14
5.850000e+06 2.794164e-15
5.860000e+06 2.133725e-14
5.870000e+06 3.068500e-13
5.880000e+06 8.890522e-16
5.890000e+06 3.238690e-14
5.900000e+06 3.137084e-14
5.910000e+06 2.527448e-14
5.920000e+06 5.118400e-14
5.930000e+06 3.556209e-15
5.940000e+06 8.636507e-15
5.950000e+06 5.095539e-13
5.960000e+06 1.511389e-14
5.970000e+06 1.689199e-14
5.980000e+06 2.248032e-14
5.990000e+06 2.146426e-14
6.000000e+06 1.308177e-14
6.010000e+06 4.305553e-14
6.020000e+06 5.969350e-15
6.030000e+06 4.639582e-13
6.040000e+06 2.057521e-14
6.050000e+06 1.028760e-14
6.060000e+06 4.813582e-14
6.070000e+06 9.525559e-15
6.080000e+06 4.642122e-13
6.090000e+06 6.159861e-14
6.100000e+06 2.476645e-14
6.110000e+06 3.759421e-14
6.120000e+06 4.915188e-14
6.130000e+06 6.477380e-15
6.140000e+06 6.020153e-14
6.150000e+06 1.397082e-14
6.160000e+06 2.390280e-13
6.170000e+06 5.778839e-14
6.180000e+06 1.104965e-14
6.190000e+06 1.041461e-13
6.200000e+06 5.461320e-14
6.210000e+06 3.225989e-14
6.220000e+06 5.321612e-14
6.230000e+06 3.391099e-14
6.240000e+06 5.188254e-13
6.250000e+06 5.982051e-14
6.260000e+06 1.752703e-14
6.270000e+06 1.016060e-14
6.280000e+06 3.175186e-14
6.290000e+06 2.209930e-14
6.300000e+06 1.841608e-14
6.310000e+06 3.187887e-14
6.320000e+06 8.433295e-13
6.330000e+06 2.844967e-14
6.340000e+06 9.017529e-15
6.350000e+06 3.772121e-14
6.360000e+06 1.778104e-14
6.370000e+06 2.959274e-13
6.380000e+06 1.143067e-15
6.390000e+06 3.607012e-14
6.400000e+06 1.525360e-13
6.410000e+06 1.892411e-14
6.420000e+06 3.988034e-14
6.430000e+06 2.222630e-14
6.440000e+06 2.933872e-14
6.450000e+06 1.750163e-13
6.460000e+06 7.747455e-15
6.470000e+06 2.756062e-14
6.480000e+06 2.620164e-13
6.490000e+06 4.445261e-15
6.500000e+06 2.629054e-14
6.510000e+06 1.460586e-14
6.520000e+06 1.752703e-14
6.530000e+06 4.245859e-13
6.540000e+06 9.144537e-15
6.550000e+06 4.038837e-14
6.560000e+06 2.489346e-14
6.570000e+06 1.016060e-15
6.580000e+06 1.384381e-14
6.590000e+06 1.219272e-14
6.600000e+06 7.874462e-15
6.610000e+06 1.034095e-12
6.620000e+06 2.997376e-14
6.630000e+06 2.921171e-15
6.640000e+06 8.636507e-15
6.650000e+06 2.425842e-14
6.660000e+06 9.411252e-14
6.670000e+06 6.096358e-15
6.680000e+06 2.921171e-15
6.690000e+06 2.001637e-13
6.700000e+06 3.810224e-15
6.710000e+06 2.235331e-14
6.720000e+06 3.314895e-14
6.730000e+06 1.651097e-14
6.740000e+06 9.919282e-14
6.750000e+06 2.413142e-14
6.760000e+06 7.112417e-15
6.770000e+06 3.493975e-13
6.780000e+06 2.413142e-15
6.790000e+06 3.225989e-14
6.800000e+06 2.705259e-14
6.810000e+06 2.730660e-14
6.820000e+06 2.864018e-13
6.830000e+06 2.298835e-14
6.840000e+06 1.257374e-14
6.850000e+06 5.410517e-14
6.860000e+06 4.191246e-15
6.870000e+06 2.527448e-14
6.880000e+06 4.076939e-14
6.890000e+06 6.096358e-15
6.900000e+06 1.110807e-12
6.910000e+06 4.343655e-14
6.920000e+06 1.867010e-14
6.930000e+06 2.184528e-14
6.940000e+06 1.574892e-14
6.950000e+06 6.845702e-14
6.960000e+06 1.930513e-14
6.970000e+06 1.270075e-14
6.980000e+06 3.713698e-13
6.990000e+06 3.441902e-14
7.000000e+06 7.239425e-15
7.010000e+06 2.070221e-14
7.020000e+06 1.104965e-14
7.030000e+06 1.766674e-13
7.040000e+06 9.271544e-15
7.050000e+06 1.295476e-14
7.060000e+06 4.709436e-13
7.070000e+06 1.358980e-14
7.080000e+06 1.143067e-15
7.090000e+06 3.010077e-14
7.100000e+06 8.382492e-15
7.110000e+06 1.818747e-13
7.120000e+06 3.378398e-14
7.130000e+06 5.080298e-16
7.140000e+06 2.545229e-13
7.150000e+06 2.768762e-14
7.160000e+06 2.514748e-14
7.170000e+06 6.604388e-14
7.180000e+06 1.930513e-14
7.190000e+06 9.500157e-13
7.200000e+06 4.280151e-14
7.210000e+06 8.509499e-15
7.220000e+06 6.858402e-14
7.230000e+06 2.006718e-14
7.240000e+06 7.874462e-15
7.250000e+06 3.289493e-14
7.260000e+06 1.270075e-14
7.270000e+06 3.716238e-13
7.280000e+06 3.010077e-14
7.290000e+06 2.654456e-14
7.300000e+06 3.454603e-14
7.310000e+06 1.612995e-14
7.320000e+06 6.109058e-14
7.330000e+06 1.828907e-14
7.340000e+06 2.095623e-14
7.350000e+06 4.026136e-13
7.360000e+06 1.041461e-14
7.370000e+06 1.892411e-14
7.380000e+06 1.524089e-14
7.390000e+06 2.298835e-14
7.400000e+06 3.568909e-14
7.410000e+06 3.937231e-15
7.420000e+06 2.921171e-15
7.430000e+06 3.910559e-13
7.440000e+06 1.803506e-14
7.450000e+06 1.651097e-14
7.460000e+06 1.536790e-14
7.470000e+06 3.518106e-14
7.480000e+06 6.140810e-13
7.490000e+06 2.413142e-15
7.500000e+06 3.124383e-14
7.510000e+06 4.864385e-14
7.520000e+06 1.295476e-14
7.530000e+06 2.349638e-14
7.540000e+06 1.765404e-14
7.550000e+06 2.349638e-14
7.560000e+06 3.145975e-13
7.570000e+06 1.435184e-14
7.580000e+06 4.521465e-14
7.590000e+06 1.004629e-13
7.600000e+06 2.502047e-14
7.610000e+06 1.257374e-13
7.620000e+06 1.181169e-14
7.630000e+06 3.581610e-14
7.640000e+06 5.296211e-13
7.650000e+06 5.080298e-15
7.660000e+06 6.591687e-14
7.670000e+06 5.423218e-14
7.680000e+06 3.302194e-14
7.690000e+06 9.893881e-14
7.700000e+06 3.632413e-14
7.710000e+06 4.826283e-14
7.720000e+06 8.245324e-13
7.730000e+06 5.435919e-14
7.740000e+06 9.881180e-14
7.750000e+06 1.021140e-13
7.760000e+06 5.080298e-14
7.770000e+06 4.658633e-13
7.780000e+06 6.782198e-14
7.790000e+06 4.292852e-14
7.800000e+06 1.941944e-13
7.810000e+06 5.143802e-14
7.820000e+06 5.880445e-14
7.830000e+06 8.458696e-14
7.840000e+06 2.921171e-14
7.850000e+06 2.739551e-13
7.860000e+06 5.131101e-14
7.870000e+06 2.095623e-14
7.880000e+06 2.588412e-13
7.890000e+06 4.572268e-14
7.900000e+06 7.455337e-14
7.910000e+06 7.010811e-14
7.920000e+06 2.654456e-14
7.930000e+06 4.861845e-13
7.940000e+06 7.925265e-14
7.950000e+06 3.416500e-14
7.960000e+06 1.018600e-13
7.970000e+06 7.023512e-14
7.980000e+06 5.435919e-14
7.990000e+06 6.833001e-14
8.000000e+06 5.029495e-14
8.010000e+06 1.104330e-12
8.020000e+06 8.407893e-14
8.030000e+06 4.737378e-14
8.040000e+06 6.794899e-14
8.050000e+06 7.175921e-14
8.060000e+06 2.095623e-13
8.070000e+06 5.893146e-14
8.080000e+06 1.943214e-14
8.090000e+06 2.306455e-13
8.100000e+06 8.280886e-14
8.110000e+06 5.435919e-14
8.120000e+06 4.623071e-14
8.130000e+06 1.121476e-13
8.140000e+06 2.343287e-13
8.150000e+06 7.988769e-14
8.160000e+06 1.046541e-13
8.170000e+06 3.504136e-13
8.180000e+06 1.050352e-13
8.190000e+06 1.018600e-13
8.200000e+06 5.588328e-14
8.210000e+06 1.050352e-13
8.220000e+06 4.198866e-13
8.230000e+06 7.150520e-14
8.240000e+06 1.065593e-13
8.250000e+06 1.126556e-13
8.260000e+06 9.449354e-14
8.270000e+06 9.919282e-14
8.280000e+06 4.711976e-14
8.290000e+06 8.382492e-14
8.300000e+06 1.275790e-12
8.310000e+06 3.962633e-14
8.320000e+06 1.022410e-13
8.330000e+06 6.921906e-14
8.340000e+06 5.677233e-14
8.350000e+06 1.592673e-13
8.360000e+06 4.445261e-14
8.370000e+06 6.667891e-14
8.380000e+06 3.873727e-13
8.390000e+06 2.883069e-14
8.400000e+06 6.807599e-14
8.410000e+06 6.680592e-14
8.420000e+06 4.407159e-14
8.430000e+06 2.498237e-13
8.440000e+06 3.607012e-14
8.450000e+06 5.283510e-14
8.460000e+06 4.225538e-13
8.470000e+06 4.369056e-14
8.480000e+06 8.585704e-14
8.490000e+06 8.369791e-14
8.500000e+06 4.610371e-14
8.510000e+06 2.684938e-13
8.520000e+06 5.194605e-14
8.530000e+06 2.895770e-14
8.540000e+06 2.531259e-13
8.550000e+06 4.648473e-14
8.560000e+06 6.261467e-14
8.570000e+06 8.014170e-14
8.580000e+06 3.670515e-14
8.590000e+06 1.128461e-12
8.600000e+06 6.934607e-14
8.610000e+06 2.654456e-14
8.620000e+06 1.184980e-13
8.630000e+06 5.245408e-14
8.640000e+06 7.277527e-14
8.650000e+06 9.119135e-14
8.660000e+06 4.572268e-14
8.670000e+06 4.617991e-13
8.680000e+06 1.084644e-13
8.690000e+06 5.918547e-14
8.700000e+06 1.258644e-13
8.710000e+06 9.550960e-14
8.720000e+06 1.908922e-13
8.730000e+06 1.022410e-13
8.740000e+06 6.363073e-14
8.750000e+06 4.205217e-13
8.760000e+06 9.792275e-14
8.770000e+06 6.540884e-14
8.780000e+06 8.179280e-14
8.790000e+06 1.046541e-13
8.800000e+06 1.400892e-13
8.810000e+06 9.195340e-14
8.820000e+06 8.915923e-14
8.830000e+06 3.914370e-13
8.840000e+06 1.089724e-13
8.850000e+06 9.208040e-14
8.860000e+06 8.534901e-14
8.870000e+06 1.178629e-13
8.880000e+06 8.280886e-13
8.890000e+06 8.293587e-14
8.900000e+06 1.079563e-13
8.910000e+06 1.041461e-13
8.920000e+06 1.038921e-13
8.930000e+06 8.611105e-14
8.940000e+06 5.969350e-14
8.950000e+06 1.033841e-13
8.960000e+06 4.313173e-13
8.970000e+06 6.515482e-14
8.980000e+06 1.120206e-13
8.990000e+06 1.370410e-13
9.000000e+06 1.103695e-13
9.010000e+06 2.142616e-13
9.020000e+06 6.782198e-14
9.030000e+06 1.065593e-13
9.040000e+06 4.868196e-13
9.050000e+06 5.474021e-14
9.060000e+06 8.788916e-14
9.070000e+06 6.998111e-14
9.080000e+06 6.629789e-14
9.090000e+06 1.447885e-13
9.100000e+06 3.137084e-14
9.110000e+06 6.413876e-14
9.120000e+06 7.024782e-13
9.130000e+06 4.965991e-14
9.140000e+06 9.068332e-14
9.150000e+06 6.286869e-14
9.160000e+06 2.832266e-14
9.170000e+06 5.457510e-13
9.180000e+06 3.581610e-14
9.190000e+06 2.768762e-14
9.200000e+06 1.582513e-13
9.210000e+06 1.930513e-14
9.220000e+06 6.159861e-14
9.230000e+06 6.998111e-14
9.240000e+06 4.496064e-14
9.250000e+06 3.537158e-13
9.260000e+06 5.702635e-14
9.270000e+06 4.737378e-14
9.280000e+06 2.278514e-13
9.290000e+06 5.448620e-14
9.300000e+06 1.044001e-13
9.310000e+06 7.391834e-14
9.320000e+06 2.730660e-14
9.330000e+06 4.836444e-13
9.340000e+06 5.308912e-14
9.350000e+06 1.511389e-14
9.360000e+06 7.798258e-14
9.370000e+06 4.254750e-14
9.380000e+06 3.175186e-14
9.390000e+06 6.337672e-14
9.400000e+06 1.968616e-14
9.410000e+06 1.036254e-12
9.420000e+06 6.591687e-14
9.430000e+06 2.629054e-14
9.440000e+06 6.769497e-14
9.450000e+06 5.283510e-14
9.460000e+06 2.615083e-13
9.470000e+06 4.483363e-14
9.480000e+06 1.714601e-14
9.490000e+06 1.573622e-13
9.500000e+06 5.092999e-14
9.510000e+06 2.286134e-15
9.520000e+06 4.381757e-14
9.530000e+06 6.858402e-14
9.540000e+06 2.380120e-13
9.550000e+06 3.505406e-14
9.560000e+06 3.670515e-14
9.570000e+06 1.906382e-13
9.580000e+06 6.337672e-14
9.590000e+06 1.219272e-14
9.600000e+06 8.128477e-15
9.610000e+06 4.826283e-14
9.620000e+06 3.469844e-13
9.630000e+06 1.536790e-14
9.640000e+06 3.607012e-14
9.650000e+06 3.225989e-14
9.660000e+06 4.559568e-14
9.670000e+06 4.978692e-14
9.680000e+06 1.016060e-15
9.690000e+06 4.699276e-14
9.700000e+06 1.267153e-12
9.710000e+06 1.409783e-14
9.720000e+06 4.280151e-14
9.730000e+06 1.346279e-14
9.740000e+06 1.524089e-14
9.750000e+06 1.463126e-13
9.760000e+06 2.692558e-14
9.770000e+06 3.060880e-14
9.780000e+06 2.744631e-13
9.790000e+06 1.270075e-16
9.800000e+06 3.784822e-14
9.810000e+06 2.451244e-14
9.820000e+06 2.768762e-14
9.830000e+06 2.796704e-13
9.840000e+06 1.778104e-15
9.850000e+06 1.854309e-14
9.860000e+06 2.631594e-13
9.870000e+06 9.144537e-15
9.880000e+06 5.791540e-14
9.890000e+06 2.629054e-14
9.900000e+06 1.371680e-14
9.910000e+06 2.936412e-13
9.920000e+06 1.625695e-14
9.930000e+06 1.028760e-14
9.940000e+06 1.612995e-13
9.950000e+06 1.168469e-14
9.960000e+06 4.343655e-14
9.970000e+06 5.626430e-14
9.980000e+06 2.032119e-15
9.990000e+06 1.255215e-12
1.000000e+07 2.324236e-14
1.001000e+07 1.028760e-14
1.002000e+07 7.696652e-14
1.003000e+07 1.714601e-14
1.004000e+07 4.927889e-14
1.005000e+07 5.956650e-14
1.006000e+07 3.403800e-14
1.007000e+07 3.793713e-13
1.008000e+07 9.271544e-15
1.009000e+07 7.747455e-15
1.010000e+07 6.731395e-14
1.011000e+07 4.724677e-14
1.012000e+07 2.029579e-13
1.013000e+07 4.737378e-14
1.014000e+07 6.858402e-15
1.015000e+07 2.582062e-13
1.016000e+07 2.870368e-14
1.017000e+07 2.908471e-14
1.018000e+07 1.917813e-14
1.019000e+07 1.663798e-14
1.020000e+07 1.159578e-13
1.021000e+07 2.921171e-14
1.022000e+07 1.346279e-14
1.023000e+07 1.996557e-13
1.024000e+07 1.867010e-14
1.025000e+07 2.756062e-14
1.026000e+07 2.146426e-14
1.027000e+07 8.001469e-15
1.028000e+07 8.881631e-13
1.029000e+07 2.286134e-15
1.030000e+07 1.270075e-15
1.031000e+07 1.016060e-14
1.032000e+07 2.578251e-14
1.033000e+07 9.652566e-15
1.034000e+07 9.017529e-15
1.035000e+07 3.886428e-14
1.036000e+07 4.250939e-13
1.037000e+07 3.124383e-14
1.038000e+07 3.238690e-14
1.039000e+07 4.508765e-14
1.040000e+07 3.289493e-14
1.041000e+07 1.581243e-13
1.042000e+07 2.730660e-14
1.043000e+07 2.375039e-14
1.044000e+07 2.847507e-13
1.045000e+07 9.906581e-15
1.046000e+07 1.460586e-14
1.047000e+07 1.727301e-14
1.048000e+07 0.000000e+00
1.049000e+07 8.598405e-14
1.050000e+07 1.409783e-14
1.051000e+07 2.717959e-14
1.052000e+07 4.959641e-13
1.053000e+07 1.308177e-14
1.054000e+07 5.918547e-14
1.055000e+07 4.064238e-15
1.056000e+07 1.905112e-15
1.057000e+07 6.333862e-13
1.058000e+07 3.581610e-14
1.059000e+07 7.620447e-15
1.060000e+07 8.077674e-14
1.061000e+07 1.054162e-14
1.062000e+07 3.480004e-14
1.063000e+07 2.057521e-14
1.064000e+07 5.080298e-15
1.065000e+07 4.182355e-13
1.066000e+07 1.104965e-14
1.067000e+07 4.064238e-15
1.068000e+07 1.071943e-13
1.069000e+07 2.540149e-16
1.070000e+07 8.852419e-14
1.071000e+07 2.209930e-14
1.072000e+07 2.971974e-14
1.073000e+07 3.920720e-13
1.074000e+07 5.080298e-15
1.075000e+07 1.841608e-14
1.076000e+07 4.496064e-14
1.077000e+07 1.867010e-14
1.078000e+07 3.924530e-14
1.079000e+07 2.502047e-14
1.080000e+07 1.778104e-14
1.081000e+07 8.183090e-13
1.082000e+07 1.676498e-14
1.083000e+07 1.701900e-14
1.084000e+07 2.184528e-14
1.085000e+07 1.282775e-14
1.086000e+07 3.200588e-13
1.087000e+07 9.144537e-15
1.088000e+07 2.387740e-14
1.089000e+07 8.484098e-14
1.090000e+07 1.587593e-14
1.091000e+07 3.861027e-14
1.092000e+07 2.921171e-15
1.093000e+07 3.048179e-15
1.094000e+07 3.140894e-13
1.095000e+07 1.168469e-14
1.096000e+07 1.524089e-15
1.097000e+07 9.309646e-14
1.098000e+07 1.384381e-14
1.099000e+07 2.527448e-14
1.100000e+07 1.016060e-14
1.101000e+07 2.527448e-14
1.102000e+07 3.351727e-13
1.103000e+07 8.509499e-15
1.104000e+07 1.041461e-14
1.105000e+07 3.048179e-15
1.106000e+07 9.017529e-15
1.107000e+07 9.017529e-15
1.108000e+07 1.917813e-14
1.109000e+07 1.854309e-14
1.110000e+07 1.123254e-12
1.111000e+07 1.511389e-14
1.112000e+07 2.921171e-15
1.113000e+07 4.915188e-14
1.114000e+07 1.041461e-14
1.115000e+07 1.527900e-13
1.116000e+07 6.464679e-14
1.117000e+07 6.350373e-15
1.118000e+07 1.626965e-13
1.119000e+07 2.311536e-14
1.120000e+07 1.994017e-14
1.121000e+07 2.552850e-14
1.122000e+07 1.422483e-14
1.123000e+07 3.802603e-13
1.124000e+07 2.794164e-14
1.125000e+07 1.155768e-14
1.126000e+07 1.262454e-13
1.127000e+07 3.530807e-14
1.128000e+07 2.806865e-14
1.129000e+07 3.746720e-14
1.130000e+07 3.937231e-14
1.131000e+07 3.013887e-13
1.132000e+07 4.762779e-14
1.133000e+07 4.064238e-15
1.134000e+07 7.315629e-14
1.135000e+07 1.168469e-14
1.136000e+07 4.089640e-14
1.137000e+07 1.244673e-14
1.138000e+07 1.358980e-14
1.139000e+07 1.303986e-12
1.140000e+07 1.295476e-14
1.141000e+07 1.054162e-14
1.142000e+07 2.870368e-14
1.143000e+07 3.314895e-14
1.144000e+07 5.601029e-14
1.145000e+07 1.676498e-14
1.146000e+07 5.448620e-14
1.147000e+07 3.316165e-13
1.148000e+07 1.181169e-14
1.149000e+07 3.924530e-14
1.150000e+07 3.772121e-14
1.151000e+07 3.429201e-15
1.152000e+07 3.252661e-13
1.153000e+07 2.667156e-14
1.154000e+07 9.779574e-15
1.155000e+07 1.609184e-13
1.156000e+07 3.568909e-14
1.157000e+07 1.841608e-14
1.158000e+07 2.082922e-14
1.159000e+07 3.937231e-15
1.160000e+07 1.880980e-13
1.161000e+07 2.146426e-14
1.162000e+07 1.219272e-14
1.163000e+07 1.478367e-13
1.164000e+07 4.127742e-14
1.165000e+07 3.429201e-15
1.166000e+07 1.676498e-14
1.167000e+07 1.917813e-14
1.168000e+07 1.018727e-12
1.169000e+07 2.971974e-14
1.170000e+07 8.128477e-15
1.171000e+07 1.778104e-14
1.172000e+07 4.394458e-14
1.173000e+07 2.095623e-14
1.174000e+07 1.524089e-14
1.175000e+07 3.480004e-14
1.176000e+07 4.390648e-13
1.177000e+07 1.270075e-14
1.178000e+07 1.714601e-14
1.179000e+07 1.447885e-14
1.180000e+07 5.296211e-14
1.181000e+07 2.180718e-13
1.182000e+07 2.679857e-14
1.183000e+07 2.540149e-15
1.184000e+07 1.695549e-13
1.185000e+07 2.375039e-14
1.186000e+07 1.270075e-16
1.187000e+07 6.642490e-14
1.188000e+07 1.536790e-14
1.189000e+07 9.195340e-14
1.190000e+07 5.943949e-14
1.191000e+07 1.930513e-14
1.192000e+07 2.602383e-13
1.193000e+07 3.060880e-14
1.194000e+07 1.689199e-14
1.195000e+07 4.559568e-14
1.196000e+07 2.705259e-14
1.197000e+07 7.192432e-13
1.198000e+07 5.486722e-14
1.199000e+07 6.858402e-15
1.200000e+07 2.476645e-14
1.201000e+07 2.921171e-14
1.202000e+07 5.969350e-15
1.203000e+07 3.518106e-14
1.204000e+07 2.679857e-14
1.205000e+07 5.268269e-13
1.206000e+07 4.305553e-14
1.207000e+07 1.079563e-14
1.208000e+07 3.937231e-14
1.209000e+07 3.467303e-14
1.210000e+07 1.115125e-13
1.211000e+07 2.629054e-14
1.212000e+07 4.584969e-14
1.213000e+07 2.787814e-13
1.214000e+07 3.594311e-14
1.215000e+07 4.178545e-14
1.216000e+07 4.953291e-15
1.217000e+07 4.800882e-14
1.218000e+07 4.661174e-14
1.219000e+07 1.562192e-14
1.220000e+07 4.254750e-14
1.221000e+07 5.501963e-13
1.222000e+07 5.969350e-15
1.223000e+07 2.679857e-14
1.224000e+07 3.683216e-15
1.225000e+07 6.197964e-14
1.226000e+07 3.933421e-13
1.227000e+07 3.149785e-14
1.228000e+07 6.858402e-14
1.229000e+07 2.959274e-14
1.230000e+07 3.175186e-14
1.231000e+07 5.715335e-14
1.232000e+07 1.485987e-14
1.233000e+07 2.654456e-14
1.234000e+07 5.223817e-13
1.235000e+07 5.969350e-15
1.236000e+07 3.645114e-14
1.237000e+07 2.908471e-14
1.238000e+07 8.128477e-15
1.239000e+07 8.890522e-16
1.240000e+07 4.864385e-14
1.241000e+07 4.927889e-14
1.242000e+07 2.496967e-13
1.243000e+07 5.880445e-14
1.244000e+07 6.705993e-14
1.245000e+07 6.210664e-14
1.246000e+07 3.238690e-14
1.247000e+07 4.877086e-14
1.248000e+07 5.664532e-14
1.249000e+07 3.429201e-14
1.250000e+07 8.365981e-13
1.251000e+07 3.568909e-14
1.252000e+07 1.625695e-14
1.253000e+07 8.064973e-14
1.254000e+07 4.178545e-14
1.255000e+07 1.869550e-13
1.256000e+07 8.420594e-14
1.257000e+07 4.127742e-14
1.258000e+07 5.131101e-14
1.259000e+07 6.286869e-14
1.260000e+07 2.908471e-14
1.261000e+07 8.191981e-14
1.262000e+07 4.254750e-14
1.263000e+07 5.891876e-13
1.264000e+07 7.671250e-14
1.265000e+07 2.895770e-14
1.266000e+07 8.001469e-15
1.267000e+07 6.604388e-14
1.268000e+07 7.493440e-15
1.269000e+07 7.493440e-14
1.270000e+07 5.677233e-14
1.271000e+07 3.016427e-13
1.272000e+07 7.709352e-14
1.273000e+07 3.060880e-14
1.274000e+07 3.937231e-15
1.275000e+07 6.210664e-14
1.276000e+07 5.461320e-15
1.277000e+07 6.477380e-14
1.278000e+07 5.397817e-14
1.279000e+07 1.089597e-12
1.280000e+07 5.550226e-14
1.281000e+07 4.254750e-14
1.282000e+07 2.438543e-14
1.283000e+07 8.801616e-14
1.284000e+07 6.845702e-14
1.285000e+07 6.845702e-14
